POLARIS output

input points: [[14, 21], [37, 13], [46, 40]]
input settings: R: [1], N: [6]
path energy: 48.514
path length: 51
elapsed time: 0.31 min

x  y 	  energy
14 21     0.0664
15 21     0.4572
16 20     0.4429
17 21     0.5325
18 20     1.0804
19 20     1.1650
20 20     1.1948
21 20     1.1948
22 20     1.5133
23 19     1.3955
24 18     1.2256
25 17     1.1948
26 17     1.5133
27 16     1.1948
28 15     1.3955
29 14     1.5133
30 13     1.3591
31 12     1.3955
32 11     1.3591
33 12     1.3955
34 11     1.6468
35 12     1.2574
36 12     0.9301
37 13     1.0025
38 14     0.6138
39 15     0.9778
39 16     0.4718
40 17     0.9301
41 18     0.7024
42 19     1.1360
42 20     0.9301
42 21     1.0804
43 22     0.8412
43 23     1.0538
42 24     1.1360
43 25     0.8201
43 26     0.9072
44 27     0.9778
44 28     0.9537
44 29     1.6003
44 30     1.3241
45 31     1.1948
45 32     0.7995
45 33     0.5017
46 34     0.5325
47 35     0.5970
46 36     0.1805
46 37     0.2725
47 38     0.2370
47 39     0.2969
46 40     0.0185
