POLARIS output

input points: [[10, 19], [40, 9], [51, 43]]
input settings: R: [1], N: [6]
path energy: 55.302
path length: 66
elapsed time: 0.33 min

x  y 	  energy
10 19     0.4520
11 18     0.5261
12 17     0.4343
12 16     0.8664
13 15     0.4884
14 14     0.6707
15 13     1.0433
16 13     1.2192
17 12     1.4328
18 11     1.4328
19 10     0.8138
20 9     0.7161
21 8     0.5070
22 8     0.4884
23 8     0.5855
24 8     0.6061
25 7     1.0433
26 7     1.3863
27 7     1.2192
28 8     1.5870
29 7     1.1815
30 7     1.1815
31 6     0.7397
32 6     0.7397
33 5     0.7161
34 4     0.8938
35 4     0.8938
36 5     1.2993
37 6     1.8383
38 7     1.3418
38 8     0.7638
39 9     0.8938
40 10     1.0116
41 11     0.5855
41 12     0.7885
42 13     0.6931
43 14     0.8138
44 15     1.0761
45 16     0.8138
46 17     1.2192
47 18     1.2585
48 19     1.1815
49 20     1.2585
50 21     0.7397
50 22     0.8138
51 23     0.9510
52 24     0.7397
53 25     0.8398
54 26     0.8138
54 27     0.7885
55 28     0.6061
56 29     0.7638
55 30     0.6272
55 31     0.8664
55 32     0.8398
54 33     0.8138
54 34     0.7638
53 35     0.3998
53 36     0.5855
52 37     0.4520
52 38     0.4700
52 39     0.3998
51 40     0.4700
51 41     0.3185
51 42     0.3502
51 43     0.1869
