1.480700000000000000e+04
1.493200000000000000e+04
1.504400000000000000e+04
1.555600000000000000e+04
1.559600000000000000e+04
1.553100000000000000e+04
1.552500000000000000e+04
2.044200000000000000e+04
2.047700000000000000e+04
2.457900000000000000e+04
2.806500000000000000e+04
3.191300000000000000e+04
3.169300000000000000e+04
3.193200000000000000e+04
3.905500000000000000e+04
3.576700000000000000e+04
3.932500000000000000e+04
4.278900000000000000e+04
3.965800000000000000e+04
3.965500000000000000e+04
3.615700000000000000e+04
4.280900000000000000e+04
4.626900000000000000e+04
4.626100000000000000e+04
4.650400000000000000e+04
4.984900000000000000e+04
5.442500000000000000e+04
5.440300000000000000e+04
5.526900000000000000e+04
5.527800000000000000e+04
