1.480700000000000000e+04
1.027700000000000000e+04
7.078000000000000000e+03
1.063800000000000000e+04
1.098800000000000000e+04
1.099100000000000000e+04
1.528400000000000000e+04
2.033600000000000000e+04
2.034400000000000000e+04
2.437700000000000000e+04
2.457500000000000000e+04
2.805000000000000000e+04
3.189200000000000000e+04
3.547300000000000000e+04
3.569100000000000000e+04
3.564700000000000000e+04
3.592500000000000000e+04
3.957700000000000000e+04
3.974500000000000000e+04
4.623900000000000000e+04
4.291500000000000000e+04
4.639300000000000000e+04
4.973500000000000000e+04
4.996500000000000000e+04
4.994000000000000000e+04
4.993500000000000000e+04
4.995600000000000000e+04
4.682700000000000000e+04
5.046500000000000000e+04
5.500800000000000000e+04
5.507500000000000000e+04
6.020600000000000000e+04
5.430000000000000000e+04
5.052900000000000000e+04
5.527800000000000000e+04
