7.262000000000000000e+03
1.466600000000000000e+04
3.110500000000000000e+04
3.109000000000000000e+04
1.006000000000000000e+03
7.528000000000000000e+03
2.018700000000000000e+04
3.491700000000000000e+04
5.766600000000000000e+04
1.083700000000000000e+04
6.680000000000000000e+04
7.575000000000000000e+03
4.517900000000000000e+04
6.683700000000000000e+04
3.881900000000000000e+04
6.285900000000000000e+04
1.164400000000000000e+04
4.209500000000000000e+04
4.878900000000000000e+04
6.683900000000000000e+04
3.894400000000000000e+04
3.172900000000000000e+04
2.483700000000000000e+04
3.909300000000000000e+04
2.485800000000000000e+04
1.647000000000000000e+03
6.755100000000000000e+04
5.318300000000000000e+04
7.411800000000000000e+04
3.617800000000000000e+04
2.880800000000000000e+04
3.966600000000000000e+04
3.603700000000000000e+04
2.530000000000000000e+04
2.135000000000000000e+04
3.273700000000000000e+04
5.374400000000000000e+04
4.029900000000000000e+04
4.985900000000000000e+04
5.942800000000000000e+04
5.452800000000000000e+04
5.951600000000000000e+04
4.369400000000000000e+04
