1.480700000000000000e+04
1.493000000000000000e+04
1.551600000000000000e+04
1.540700000000000000e+04
1.551400000000000000e+04
1.547100000000000000e+04
1.593100000000000000e+04
2.039400000000000000e+04
2.041400000000000000e+04
2.063600000000000000e+04
2.063000000000000000e+04
2.833700000000000000e+04
2.805000000000000000e+04
3.165600000000000000e+04
3.189200000000000000e+04
3.547400000000000000e+04
3.549200000000000000e+04
3.548000000000000000e+04
3.929800000000000000e+04
3.931100000000000000e+04
3.955400000000000000e+04
3.954500000000000000e+04
3.958100000000000000e+04
3.959000000000000000e+04
3.980400000000000000e+04
4.298500000000000000e+04
4.300100000000000000e+04
3.983300000000000000e+04
3.983700000000000000e+04
4.001600000000000000e+04
4.003500000000000000e+04
4.017600000000000000e+04
4.018100000000000000e+04
4.019000000000000000e+04
4.325600000000000000e+04
4.648000000000000000e+04
4.664400000000000000e+04
5.013200000000000000e+04
5.013600000000000000e+04
5.021500000000000000e+04
5.528900000000000000e+04
5.527800000000000000e+04
