1.138600000000000000e+04
1.121200000000000000e+04
1.116300000000000000e+04
1.137800000000000000e+04
1.508100000000000000e+04
1.513200000000000000e+04
1.513100000000000000e+04
1.803600000000000000e+04
1.843600000000000000e+04
1.831400000000000000e+04
1.832700000000000000e+04
1.856500000000000000e+04
1.846500000000000000e+04
2.098700000000000000e+04
2.314100000000000000e+04
2.323100000000000000e+04
2.348300000000000000e+04
2.343100000000000000e+04
2.589100000000000000e+04
2.608300000000000000e+04
2.609300000000000000e+04
2.623100000000000000e+04
2.617700000000000000e+04
2.828400000000000000e+04
2.832700000000000000e+04
3.062700000000000000e+04
3.063300000000000000e+04
3.073100000000000000e+04
3.081400000000000000e+04
3.077500000000000000e+04
3.323400000000000000e+04
3.320000000000000000e+04
3.614100000000000000e+04
3.620600000000000000e+04
3.638700000000000000e+04
3.663700000000000000e+04
4.166400000000000000e+04
4.146200000000000000e+04
4.126200000000000000e+04
