1.138600000000000000e+04
8.446000000000000000e+03
8.346000000000000000e+03
8.157000000000000000e+03
7.811000000000000000e+03
2.952000000000000000e+03
5.357000000000000000e+03
7.790000000000000000e+03
5.125000000000000000e+03
5.140000000000000000e+03
5.280000000000000000e+02
1.590000000000000000e+02
1.070000000000000000e+02
4.400000000000000000e+01
9.000000000000000000e+00
5.400000000000000000e+01
5.000000000000000000e+00
2.780000000000000000e+02
3.700000000000000000e+01
4.887000000000000000e+03
7.363000000000000000e+03
7.374000000000000000e+03
7.783000000000000000e+03
8.083000000000000000e+03
1.061000000000000000e+04
1.046000000000000000e+04
1.103400000000000000e+04
1.402700000000000000e+04
1.470900000000000000e+04
1.755900000000000000e+04
1.773700000000000000e+04
1.757700000000000000e+04
2.039500000000000000e+04
2.009600000000000000e+04
1.985800000000000000e+04
2.246900000000000000e+04
2.260900000000000000e+04
2.500000000000000000e+04
2.501000000000000000e+04
2.518100000000000000e+04
2.723200000000000000e+04
2.722000000000000000e+04
2.951200000000000000e+04
2.935300000000000000e+04
2.945900000000000000e+04
3.148200000000000000e+04
3.154800000000000000e+04
3.454800000000000000e+04
3.467900000000000000e+04
3.475000000000000000e+04
3.473500000000000000e+04
3.485900000000000000e+04
3.496800000000000000e+04
3.855500000000000000e+04
3.837600000000000000e+04
3.830800000000000000e+04
4.301700000000000000e+04
4.285300000000000000e+04
4.291900000000000000e+04
4.664000000000000000e+04
4.631200000000000000e+04
4.647600000000000000e+04
4.659900000000000000e+04
4.881100000000000000e+04
4.890400000000000000e+04
4.889500000000000000e+04
4.911900000000000000e+04
4.669500000000000000e+04
4.926200000000000000e+04
5.165400000000000000e+04
5.185800000000000000e+04
4.949500000000000000e+04
4.954900000000000000e+04
4.952300000000000000e+04
5.197000000000000000e+04
4.968600000000000000e+04
5.231500000000000000e+04
5.231000000000000000e+04
5.249400000000000000e+04
5.000300000000000000e+04
5.024800000000000000e+04
5.023700000000000000e+04
5.020800000000000000e+04
5.020900000000000000e+04
5.029800000000000000e+04
5.041200000000000000e+04
5.055900000000000000e+04
5.053700000000000000e+04
5.312000000000000000e+04
5.068500000000000000e+04
5.310900000000000000e+04
5.070900000000000000e+04
5.075000000000000000e+04
5.066500000000000000e+04
4.867100000000000000e+04
4.568300000000000000e+04
4.515100000000000000e+04
4.510100000000000000e+04
4.148400000000000000e+04
4.090100000000000000e+04
3.672500000000000000e+04
3.652900000000000000e+04
4.126200000000000000e+04
