1.169200000000000000e+04
1.134300000000000000e+04
1.190000000000000000e+04
1.552100000000000000e+04
1.574100000000000000e+04
1.575700000000000000e+04
1.589500000000000000e+04
1.602100000000000000e+04
1.843500000000000000e+04
1.852400000000000000e+04
1.868500000000000000e+04
2.078400000000000000e+04
2.087300000000000000e+04
2.326500000000000000e+04
2.086500000000000000e+04
2.786600000000000000e+04
2.596700000000000000e+04
2.359900000000000000e+04
2.589100000000000000e+04
2.106500000000000000e+04
2.587000000000000000e+04
1.635200000000000000e+04
2.823400000000000000e+04
2.829400000000000000e+04
3.990200000000000000e+04
2.835300000000000000e+04
2.854400000000000000e+04
2.634300000000000000e+04
3.066300000000000000e+04
2.853800000000000000e+04
3.072500000000000000e+04
3.332100000000000000e+04
3.320600000000000000e+04
3.349000000000000000e+04
3.333500000000000000e+04
3.365100000000000000e+04
3.699100000000000000e+04
3.688900000000000000e+04
4.203900000000000000e+04
4.568600000000000000e+04
4.151900000000000000e+04
