1.138600000000000000e+04
1.123000000000000000e+04
1.087800000000000000e+04
1.095300000000000000e+04
1.093300000000000000e+04
1.103400000000000000e+04
1.423100000000000000e+04
1.402700000000000000e+04
1.777500000000000000e+04
1.766500000000000000e+04
1.772800000000000000e+04
2.031500000000000000e+04
2.043700000000000000e+04
2.278800000000000000e+04
2.290900000000000000e+04
2.283700000000000000e+04
2.303700000000000000e+04
2.299200000000000000e+04
2.311200000000000000e+04
2.319500000000000000e+04
2.329500000000000000e+04
2.349600000000000000e+04
2.342700000000000000e+04
2.327100000000000000e+04
2.335000000000000000e+04
2.348700000000000000e+04
2.348400000000000000e+04
2.589100000000000000e+04
2.602500000000000000e+04
2.608300000000000000e+04
2.602900000000000000e+04
2.356300000000000000e+04
2.375100000000000000e+04
2.372700000000000000e+04
2.621000000000000000e+04
2.615500000000000000e+04
2.618000000000000000e+04
2.629500000000000000e+04
2.626800000000000000e+04
2.629700000000000000e+04
2.639500000000000000e+04
2.641100000000000000e+04
2.851900000000000000e+04
2.848300000000000000e+04
2.657600000000000000e+04
2.650800000000000000e+04
2.661200000000000000e+04
2.664600000000000000e+04
2.655300000000000000e+04
2.878000000000000000e+04
2.877300000000000000e+04
2.879200000000000000e+04
2.866300000000000000e+04
2.868400000000000000e+04
2.875100000000000000e+04
2.863100000000000000e+04
3.071400000000000000e+04
3.083700000000000000e+04
3.313200000000000000e+04
3.313700000000000000e+04
3.313300000000000000e+04
3.606400000000000000e+04
3.616900000000000000e+04
3.603400000000000000e+04
3.626400000000000000e+04
3.628700000000000000e+04
3.668700000000000000e+04
3.699300000000000000e+04
3.642800000000000000e+04
3.627000000000000000e+04
3.697000000000000000e+04
3.696900000000000000e+04
4.126200000000000000e+04
