POLARIS output

input points: [[15, 22], [47, 41]]
input settings: R: [1], N: [6]
path energy: 41.266
path length: 34
elapsed time: 0.11 min

x  y 	  energy
15 22     0.7833
16 21     0.4909
17 20     0.8416
18 19     1.1427
19 19     1.1701
20 20     1.1701
21 21     1.1982
22 21     1.3524
23 22     1.5755
24 22     1.9204
25 23     2.1886
26 24     1.4214
27 25     1.1427
28 26     1.2879
29 27     1.4955
30 28     1.4955
30 29     1.4578
31 30     1.4578
32 31     1.3524
33 31     1.2272
34 31     1.4955
35 32     1.2571
36 31     1.4578
37 32     1.6625
38 32     1.8092
39 33     1.8632
40 34     1.7579
41 35     1.0159
42 36     1.0647
43 37     0.6105
44 38     0.4229
45 39     0.1286
46 40     0.0000
47 41     0.5489
