1.216700000000000000e+04
8.177000000000000000e+03
8.194000000000000000e+03
7.792000000000000000e+03
8.084000000000000000e+03
8.059000000000000000e+03
1.170900000000000000e+04
1.485200000000000000e+04
1.795400000000000000e+04
2.073600000000000000e+04
2.046200000000000000e+04
2.549500000000000000e+04
2.756200000000000000e+04
2.991900000000000000e+04
3.220900000000000000e+04
3.516300000000000000e+04
3.917000000000000000e+04
3.989500000000000000e+04
3.963900000000000000e+04
3.563400000000000000e+04
3.577400000000000000e+04
3.583900000000000000e+04
3.579500000000000000e+04
3.071800000000000000e+04
3.325200000000000000e+04
3.321200000000000000e+04
3.333900000000000000e+04
4.153900000000000000e+04
