1.522800000000000000e+04
1.497800000000000000e+04
1.794200000000000000e+04
1.786500000000000000e+04
1.768100000000000000e+04
1.492900000000000000e+04
1.450100000000000000e+04
2.035900000000000000e+04
1.186400000000000000e+04
2.064700000000000000e+04
2.061100000000000000e+04
2.316600000000000000e+04
2.328200000000000000e+04
2.322900000000000000e+04
2.563400000000000000e+04
2.600700000000000000e+04
2.351200000000000000e+04
2.350000000000000000e+04
2.815100000000000000e+04
2.633500000000000000e+04
2.404800000000000000e+04
2.625200000000000000e+04
5.028300000000000000e+04
3.051900000000000000e+04
3.281600000000000000e+04
3.289900000000000000e+04
3.309800000000000000e+04
3.070100000000000000e+04
3.318200000000000000e+04
3.610500000000000000e+04
4.152800000000000000e+04
3.717500000000000000e+04
4.125200000000000000e+04
4.135400000000000000e+04
