1.216700000000000000e+04
1.214700000000000000e+04
1.512200000000000000e+04
1.507700000000000000e+04
1.785500000000000000e+04
1.808700000000000000e+04
1.793700000000000000e+04
2.058800000000000000e+04
2.070900000000000000e+04
2.332100000000000000e+04
2.328900000000000000e+04
2.322100000000000000e+04
2.348000000000000000e+04
2.337100000000000000e+04
2.795200000000000000e+04
2.615400000000000000e+04
2.623300000000000000e+04
2.820200000000000000e+04
3.050400000000000000e+04
3.046100000000000000e+04
3.055700000000000000e+04
3.062200000000000000e+04
2.645700000000000000e+04
3.068300000000000000e+04
3.319600000000000000e+04
3.070800000000000000e+04
3.327700000000000000e+04
3.336100000000000000e+04
3.646900000000000000e+04
3.651200000000000000e+04
4.169600000000000000e+04
4.153900000000000000e+04
