POLARIS output

input points: [[51, 44], [11, 20]]
input settings: R: [1], N: [6]
path energy: 85.871
path length: 41
elapsed time: 0.22 min

x  y 	  energy
51 44     1.3720
50 43     0.6884
49 42     1.4303
48 41     1.4303
47 40     1.4922
46 39     1.2315
45 38     1.8458
44 37     2.0465
43 37     1.8458
42 36     1.8458
41 37     2.4520
40 38     2.7774
39 37     2.6343
38 37     2.1235
37 37     2.2978
36 36     2.8574
35 35     2.8574
34 34     2.0101
33 34     2.0465
32 34     2.5091
31 33     2.5091
30 32     2.4520
29 31     2.2978
28 30     2.9444
27 29     2.7774
26 28     2.1235
25 27     2.2068
24 27     3.0397
23 26     3.0397
22 25     2.5697
21 24     2.6343
20 23     2.5697
19 22     2.6343
18 21     1.9083
17 21     1.7588
16 20     1.7870
15 19     1.8458
14 18     1.1228
13 18     0.6328
12 19     1.9750
11 20     1.2480
