POLARIS output

input points: [[12, 33], [48, 27]]
input settings: R: [1], N: [6]
path energy: 35.377
path length: 41
elapsed time: 0.08 min

x  y 	  energy
12 33     0.8575
13 34     0.2481
14 34     0.3719
15 35     0.5134
16 36     0.9316
17 37     1.3564
18 38     1.4816
19 39     1.4171
20 40     1.0761
21 41     1.2719
22 42     1.0542
23 43     1.3564
24 44     1.0327
25 45     1.4816
26 46     1.5155
27 47     1.2452
28 48     0.9910
29 47     1.2192
30 46     0.4520
31 46     0.4761
32 45     0.7084
33 44     1.0116
34 43     0.8053
35 42     0.8224
36 41     0.9125
37 40     1.1216
37 39     1.1692
38 38     1.1451
39 37     0.8755
39 36     1.1692
40 35     1.1451
41 34     0.9125
42 33     0.8755
43 32     0.7239
43 31     0.4055
43 30     0.2007
44 29     0.2100
45 28     0.1466
46 28     0.1206
47 28     0.2384
48 27     0.3081
