POLARIS output

input points: [[12, 17], [49, 49]]
input settings: R: [1], N: [6]
path energy: 72.687
path length: 43
elapsed time: 0.11 min

x  y 	  energy
12 17     0.0000
13 18     0.5245
14 19     0.8961
15 19     1.7816
16 20     1.4280
17 21     1.4715
17 22     1.3269
17 23     1.4715
18 24     1.5645
18 25     1.6146
19 26     2.0592
20 27     2.2824
20 28     2.7132
21 29     2.3337
22 30     2.2824
23 31     2.9755
23 32     2.2824
24 33     2.7132
25 34     1.8441
26 34     1.7228
27 35     2.0200
28 36     1.6405
29 37     1.8441
30 38     1.9108
31 39     1.5404
32 40     1.8441
33 41     1.4715
34 42     1.6672
35 42     1.5645
36 42     1.6405
37 43     2.0592
38 43     2.1426
39 44     2.0592
40 45     1.6146
41 46     1.9459
42 46     1.6946
43 47     1.6946
44 48     2.0200
45 49     1.8769
46 50     1.0734
47 51     0.8714
48 50     0.4990
49 49     0.7034
