POLARIS output

input points: [[48, 30], [12, 35]]
input settings: R: [1], N: [6]
path energy: 50.145
path length: 37
elapsed time: 0.15 min

x  y 	  energy
48 30     0.5760
47 29     0.3452
46 28     0.6152
45 28     0.7317
44 27     1.3285
43 26     1.1095
42 27     1.2885
41 26     1.0932
40 27     1.2501
39 28     1.4592
38 29     1.7864
37 29     1.5315
36 30     1.1773
35 31     1.3702
34 32     1.4362
33 32     1.5068
32 32     1.5828
31 33     2.0423
30 34     1.8882
29 35     1.7864
28 36     1.6094
27 37     1.6650
26 38     1.8192
25 38     1.8192
24 39     1.6094
23 39     2.0015
22 40     1.7864
21 39     2.0423
20 38     1.8882
19 38     1.2885
18 38     1.3285
17 37     1.3285
16 38     0.9437
15 38     1.0157
14 37     0.6771
13 36     0.4163
12 35     1.0008
