1.485800000000000000e+04
1.494500000000000000e+04
1.492700000000000000e+04
1.483700000000000000e+04
2.006300000000000000e+04
1.897000000000000000e+04
2.016300000000000000e+04
1.904500000000000000e+04
1.836500000000000000e+04
2.314400000000000000e+04
2.315100000000000000e+04
2.342400000000000000e+04
2.417600000000000000e+04
2.728700000000000000e+04
2.282700000000000000e+04
2.674900000000000000e+04
3.151900000000000000e+04
3.263000000000000000e+04
3.367700000000000000e+04
3.754200000000000000e+04
3.735000000000000000e+04
3.735800000000000000e+04
4.002500000000000000e+04
4.062500000000000000e+04
4.339700000000000000e+04
4.380400000000000000e+04
4.410900000000000000e+04
4.766100000000000000e+04
4.730400000000000000e+04
5.109500000000000000e+04
4.731800000000000000e+04
5.108100000000000000e+04
5.057900000000000000e+04
5.523700000000000000e+04
5.524500000000000000e+04
5.520700000000000000e+04
