1.485800000000000000e+04
1.378300000000000000e+04
1.334900000000000000e+04
1.483700000000000000e+04
1.483400000000000000e+04
1.894400000000000000e+04
2.335400000000000000e+04
2.309800000000000000e+04
2.438700000000000000e+04
2.765400000000000000e+04
2.831000000000000000e+04
3.227000000000000000e+04
3.746900000000000000e+04
3.925200000000000000e+04
4.088800000000000000e+04
4.294400000000000000e+04
4.759100000000000000e+04
5.036400000000000000e+04
4.779900000000000000e+04
4.956300000000000000e+04
4.973500000000000000e+04
5.327800000000000000e+04
5.369200000000000000e+04
5.491300000000000000e+04
5.416600000000000000e+04
5.823700000000000000e+04
6.127100000000000000e+04
5.936900000000000000e+04
6.089700000000000000e+04
6.159700000000000000e+04
6.174800000000000000e+04
5.429400000000000000e+04
5.585100000000000000e+04
5.374700000000000000e+04
5.380100000000000000e+04
5.055900000000000000e+04
4.938300000000000000e+04
5.013600000000000000e+04
5.143600000000000000e+04
5.520700000000000000e+04
