1.381200000000000000e+04
1.953900000000000000e+04
2.120400000000000000e+04
2.405700000000000000e+04
2.356200000000000000e+04
2.804000000000000000e+04
2.642200000000000000e+04
3.031400000000000000e+04
2.724000000000000000e+04
2.458700000000000000e+04
2.832700000000000000e+04
3.052000000000000000e+04
3.051500000000000000e+04
2.122000000000000000e+04
3.386800000000000000e+04
3.151500000000000000e+04
3.217900000000000000e+04
3.338100000000000000e+04
3.389500000000000000e+04
3.173100000000000000e+04
2.857300000000000000e+04
4.110000000000000000e+04
3.552800000000000000e+04
2.988600000000000000e+04
3.854500000000000000e+04
4.038100000000000000e+04
3.912100000000000000e+04
4.023000000000000000e+04
3.936600000000000000e+04
4.555000000000000000e+04
4.653200000000000000e+04
4.769200000000000000e+04
5.019200000000000000e+04
4.717100000000000000e+04
5.144000000000000000e+04
5.059600000000000000e+04
5.596800000000000000e+04
