1.485800000000000000e+04
1.548500000000000000e+04
1.901900000000000000e+04
1.428300000000000000e+04
1.500700000000000000e+04
1.951300000000000000e+04
1.910400000000000000e+04
2.018500000000000000e+04
2.414700000000000000e+04
2.414100000000000000e+04
2.415800000000000000e+04
2.415400000000000000e+04
2.477600000000000000e+04
2.496200000000000000e+04
2.606700000000000000e+04
2.785400000000000000e+04
2.536700000000000000e+04
2.537600000000000000e+04
3.023400000000000000e+04
3.334100000000000000e+04
3.259200000000000000e+04
3.364900000000000000e+04
3.662500000000000000e+04
3.754200000000000000e+04
3.735000000000000000e+04
3.735800000000000000e+04
4.062700000000000000e+04
4.002500000000000000e+04
4.406100000000000000e+04
4.337200000000000000e+04
4.324500000000000000e+04
4.380400000000000000e+04
4.410900000000000000e+04
4.766100000000000000e+04
4.730400000000000000e+04
5.109500000000000000e+04
4.731800000000000000e+04
5.108100000000000000e+04
5.057900000000000000e+04
5.523700000000000000e+04
5.524500000000000000e+04
5.520700000000000000e+04
